0.101357 230
0.000031 46
0.000006 20
0.000852 46
0.006976 96
0.000101 15
0.446568 1
0.120176 3
0.088168 1
0.063741 1
1.408057 1
0.143763 1
0.128388 1
0.104069 1
1.415376 1
0.857540 1
0.198677 1
0.544429 1
0.111935 1
0.159980 1
0.151754 7
0.000120 11
0.002249 27
0.003998 418
0.000366 230
0.000092 66
0.001099 46
0.014933 96
0.000140 7
0.000022 8
0.385486 1
0.095959 3
0.080018 1
0.071576 1
0.216418 1
0.136019 1
0.111982 1
0.167768 1
0.080205 1
0.112020 1
0.072019 1
0.055913 1
0.184065 1
0.295572 7
0.000079 11
0.001981 26
0.004462 20
0.000661 230
0.000348 66
0.003497 46
0.016631 96
0.000087 7
0.000032 8
2.188289 1
0.087996 3
0.103873 1
0.184302 1
0.056692 1
0.111161 1
0.120577 1
0.087314 1
0.111762 1
1.688586 1
0.120030 1
0.144040 1
0.096039 1
0.151946 1
0.103987 1
0.761639 16
0.846101 7
0.000179 11
0.001942 49
0.107042 66
0.022758 162
0.391081 33
0.609003 68
0.000161 322
0.000066 319
0.000009 58
0.000014 52
0.000014 55
0.000019 53
0.000012 62
0.000018 61
0.000011 54
0.000018 59
0.000011 69
0.000015 58
0.000015 57
0.000014 60
0.000015 73
0.000015 75
0.000015 69
0.000015 60
0.000014 61
0.000029 124
0.000016 67
0.000014 67
0.000014 59
0.000015 66
0.000016 58
0.000015 71
0.000015 49
0.000015 76
0.000014 62
0.000015 56
0.000014 63
0.000014 60
0.000016 64
0.000014 69
0.000015 68
0.000015 69
0.000014 71
0.000015 59
0.000017 59
0.000014 57
0.000016 68
0.000014 62
0.000015 58
0.000015 68
0.000015 66
0.000015 69
0.000015 66
0.000014 66
0.000015 59
0.000014 61
0.000015 59
0.000015 58
0.000014 65
0.001694 29
0.000036 74
0.002706 66
0.013288 77
0.000079 46
0.000216 105
0.011780 78
0.001337 79
0.001383 84
0.001806 82
0.001618 89
0.002133 92
0.002064 89
0.001739 91
0.001406 81
0.001372 89
0.001249 85
0.000315 91
0.000251 92
0.000225 72
0.000391 80
0.000307 82
0.000303 83
0.000287 86
0.000299 88
0.000292 80
0.000234 92
0.000200 82
0.000209 77
0.000214 78
0.000208 76
0.000185 85
0.000242 80
0.000213 81
0.000209 96
0.000213 92
0.000200 92
0.000213 83
0.000220 79
0.000206 85
0.000208 81
0.000201 98
0.000205 86
0.000200 83
0.000201 84
0.000183 82
0.000200 84
0.000201 75
0.000204 81
0.000202 95
0.000207 80
0.000199 82
0.000224 82
0.000206 86
0.000200 99
0.000180 89
0.000245 90
0.000200 90
0.000181 90
0.000221 82
0.000196 94
0.000204 87
0.000201 91
0.000250 92
0.000256 94
0.000273 81
0.000276 88
0.023595 42
0.016571 47
0.106008 47
0.111884 47
0.038050 52
0.122313 105
0.004198 283
0.118584 77
0.000055 82
0.000593 123
0.009695 230
0.000098 66
0.000960 46
0.009778 96
0.000062 15
15.487897 1
0.095800 3
0.095974 1
0.848263 28
0.744476 31
0.489139 27
0.574386 31
1.391675 7
0.000185 11
0.002068 40
0.200286 35
0.087526 344
0.002439 260
0.000009 69
0.000335 108
0.014932 11
0.000043 11
0.000194 22
0.000093 11
0.000009 11
0.000096 11
0.000008 11
0.977501 11
0.000159 11
0.063700 11
0.000213 11
0.000086 22
0.000099 11
0.000029 11
0.000101 11
0.000062 11
0.000063 11
0.000064 11
0.000061 11
0.000060 11
0.000063 11
0.000062 11
0.000070 11
0.000066 11
0.000062 11
0.000062 11
0.978138 11
0.021942 11
0.000266 165
0.000128 638
0.000658 366
0.013006 230
0.000181 66
0.001845 46
0.009285 96
0.000089 15
5.913237 1
0.198295 3
0.592396 1
0.112068 1
0.072034 1
0.543584 3
0.128032 3
0.136074 3
0.128003 1
0.127983 3
1.888285 1
0.095845 3
0.087741 1
0.048068 1
0.168386 1
0.039493 1
0.168418 1
0.111968 1
0.055967 1
0.176051 1
0.064004 1
0.104002 1
0.063638 1
0.400519 1
0.167985 1
0.119976 1
0.167916 1
0.119959 1
0.391968 1
3.624108 1
0.112031 1
0.064011 1
0.152161 1
0.135989 1
0.079790 1
0.175975 1
0.088090 1
0.207936 1
0.184141 1
0.103956 1
0.095949 1
0.271721 7
0.000165 11
0.001987 44
0.005948 77
0.000783 230
0.000386 66
0.003391 46
0.015097 96
0.000070 7
0.000012 8
3.356743 31
0.327662 5
0.151840 6
0.960291 24
0.326764 24
0.105149 24
0.264006 7
0.000070 11
0.002506 47
0.007019 47
0.000941 230
0.000316 66
0.003357 46
0.020090 108
0.000064 15
6.053843 1
0.136033 3
0.095919 1
0.055790 1
0.288283 1
0.152007 1
0.151998 1
0.111972 1
0.159732 1
0.377175 1
0.206735 1
0.112300 1
0.104086 1
0.166565 1
0.161152 15
0.000038 3
0.002539 27
0.014525 1091
0.000015 323
0.000006 73
0.000007 229
0.000033 576
0.000008 261
0.000009 73
0.000020 556
0.000020 221
0.000006 83
0.000007 218
0.000017 526
0.000031 1047
0.000009 298
0.000008 89
0.000007 176
0.000009 58
0.000016 515
0.000009 326
0.000008 84
0.000009 78
0.000009 253
0.000015 241
0.000008 385
0.000008 112
0.000007 61
0.000013 501
0.000016 399
0.000007 83
0.000008 317
0.000018 479
0.000008 120
0.000009 154
0.000007 117
0.000010 89
0.000008 232
0.000008 87
0.000006 84
0.000007 271
0.000010 132
0.000014 330
0.000009 132
0.000012 493
0.000007 205
0.000007 111
0.000018 562
0.000009 180
0.000009 218
0.000007 46
0.000023 357
0.000009 166
0.000007 84
0.000007 152
0.000007 84
0.000006 129
0.000011 196
0.000007 126
0.000009 221
0.000010 78
0.000010 99
0.000015 619
0.000017 256
0.000009 231
0.000009 88
0.000008 83
0.000007 63
0.000015 573
0.000993 564
0.000009 271
0.000007 70
0.000011 379
0.000316 4095
0.000023 4095
0.007526 689
0.006448 108
0.000096 7
0.000112 8
1.798875 1
0.056107 3
0.103894 1
0.087639 1
0.823788 1
0.127873 3
0.248253 5
0.143849 3
0.200509 1
0.144061 3
0.120961 1
0.118947 7
0.000134 11
0.009627 23
0.008334 30
0.000038 363
0.000081 2
0.086968 84
0.000013 42
0.000015 67
0.000386 230
0.000124 46
0.000024 20
0.001373 46
0.012509 108
0.000130 15
0.992552 1
0.087993 3
0.095898 1
0.071783 1
0.144341 1
0.151637 1
1.759552 1
0.464869 1
0.151838 1
0.095711 1
0.920392 1
0.151953 1
0.223988 1
0.207793 1
0.224364 1
0.119809 1
0.120121 1
0.232061 1
0.143875 1
0.303648 7
0.000146 11
0.002022 30
0.009097 230
0.000086 46
0.000011 20
0.001252 46
0.011450 108
0.000087 15
1.432215 1
0.095970 3
0.096042 1
0.103630 1
0.529337 1
0.118456 1
0.144374 1
0.153576 1
0.166383 1
0.120000 1
0.071572 1
1.320789 1
0.415829 1
0.104056 1
0.377009 1
1.431095 1
0.175960 1
0.200006 1
0.191949 1
0.120021 1
0.095813 1
0.176102 1
0.063958 1
0.080001 1
0.136036 1
0.160009 1
0.103955 1
0.216105 1
0.080019 1
0.176188 1
0.223873 1
0.079973 1
0.063969 1
0.783625 1
0.552049 1
2.960195 7
0.000192 8
0.000032 3
0.000932 36
0.000187 8
0.142610 18
0.000953 29
0.000060 7
0.000058 8
1.879229 1
0.095952 3
0.192058 1
0.175935 1
0.087729 1
0.063861 1
0.232050 1
0.127954 1
0.176324 1
0.207954 1
0.191787 1
0.080053 1
0.088275 1
0.111647 1
0.832606 1
0.063790 1
0.063958 1
0.208054 1
0.023949 1
0.079675 1
0.144329 1
0.095921 1
0.903675 1
5.720600 1
0.239959 1
0.151883 1
0.232131 1
0.095992 1
0.151969 1
0.240051 1
0.271981 1
0.087858 1
0.288223 1
0.560019 1
0.207974 1
0.143984 1
0.159740 1
0.718750 1
0.089708 1
0.079485 1
0.192315 1
0.071550 1
0.072311 1
0.143983 1
0.168045 1
0.023967 1
0.823983 1
0.175841 1
0.448176 1
0.096028 1
0.088321 1
0.087877 1
0.423647 1
2.720428 1
0.119959 1
0.743701 1
0.872129 1
0.111998 1
0.207985 1
0.144026 1
0.207994 1
0.296080 1
0.423681 6
0.519906 15
0.232319 7
0.000151 11
0.000867 29
0.000127 7
0.000078 8
1.287676 1
0.167096 7
0.000149 11
0.001890 27
0.014332 49
0.002686 54
0.000409 230
0.000148 46
0.000019 20
0.001535 46
0.012340 108
0.000106 7
0.000010 8
6.734695 1
0.231841 3
0.160171 1
0.359816 1
1.223790 3
0.151897 3
0.144009 5
0.126786 3
1.665456 1
0.096046 3
0.095989 1
0.079869 1
0.120267 1
0.175972 1
0.168057 1
0.071985 1
2.063584 3
0.152185 3
0.095781 3
0.168007 3
0.127997 1
0.136132 3
0.112046 5
0.151945 3
0.584418 1
0.095798 3
0.120077 1
0.087728 1
1.455971 1
0.143991 3
0.128026 5
0.143971 3
0.240454 1
0.199989 3
0.039711 1
0.152241 1
0.087588 7
0.000134 11
0.002378 18
